time    car1    car2    car3    debUri  inconnu
6000	80,8	78,6451	106,06	0,00000778	106,0104	
6000,005	80,35	78,6451	106,06	0,00000841	106,0104	
6000,01	79,77	78,6451	106,06	0,00000878	106,0104	
6000,015	79,05	78,6451	106,06	0,00000819	106,0104	
6000,02	78,37	78,6451	106,06	0,00000797	106,0104	
6000,025	77,82	78,6451	106,06	0,00000881	106,0104	
6000,03	77,29	78,6451	106,06	0,00000925	106,0104	
6000,035	76,85	78,6451	106,06	0,00000856	106,0104	
6000,04	76,52	78,6451	106,06	0,00000819	106,0104	
6000,045	76,1	78,6451	106,06	0,00000887	106,0104	
6000,05	75,59	78,6451	106,06	0,00000941	106,0104	
6000,055	75,11	78,6451	106,06	0,00000903	106,0104	
6000,06	74,74	78,6451	106,06	0,00000856	106,0104	
6000,065	74,38	78,6451	106,06	0,000009	106,0104	
6000,07	73,95	78,6451	106,06	0,00000953	106,0104	
6000,075	73,51	78,6451	106,06	0,00000903	106,0104	
6000,08	73,16	78,6451	106,06	0,00000831	106,0104	
6000,085	72,89	78,6451	106,06	0,00000856	106,0104	
6000,09	72,62	78,6451	106,06	0,00000903	106,0104	
6000,095	72,35	78,6451	106,06	0,00000869	106,0104	
6000,1	72,09	78,6451	106,06	0,00000834	106,0104	
6000,105	71,81	78,6451	106,06	0,00000894	106,0104	
6000,11	71,51	78,6451	106,06	0,00000944	106,0104	
6000,115	71,22	78,6451	106,06	0,00000897	106,0104	
6000,12	70,92	78,6451	106,06	0,0000085	106,0104	
6000,125	70,57	78,6451	106,06	0,000009	106,0104	
6000,13	70,23	78,6451	106,06	0,00000937	106,0104	
6000,135	69,89	78,6451	106,06	0,00000884	106,0104	
6000,14	69,55	78,6451	106,06	0,00000853	106,0104	
6000,145	69,17	78,6451	106,06	0,00000909	106,0104	
6000,15	68,79	78,6451	106,06	0,00000944	106,0104	
6000,155	68,43	78,6451	106,06	0,00000878	106,0104	
6000,16	68,07	78,6451	106,06	0,00000834	106,0104	
6000,165	67,71	78,6451	106,06	0,00000884	106,0104	
6000,17	67,33	78,6451	106,06	0,00000906	106,0104	
6000,175	66,93	78,6451	106,06	0,00000844	106,0104	
6000,18	66,44	78,6451	106,06	0,00000822	106,0104	
6000,185	65,89	78,6451	106,06	0,00000897	106,0104	
6000,19	65,29	78,6451	106,06	0,00000947	106,0104	
6000,195	64,71	78,6451	106,06	0,000009	106,0104	
6000,2	64,22	78,6451	106,06	0,00000841	106,0104	
6000,205	63,81	78,6451	106,06	0,00000869	106,0104	
6000,21	63,51	78,6451	106,06	0,00000919	106,0104	
6000,215	63,3	78,6451	106,06	0,00000887	106,0104	
6000,22	63,1	78,6451	106,06	0,00000841	106,0104	
6000,225	62,8	78,6451	106,06	0,00000878	106,0104	
6000,23	62,39	78,6451	106,06	0,00000925	106,0104	
6000,235	62,09	78,6451	106,06	0,00000884	106,0104	
6000,24	61,9	78,6451	106,06	0,00000838	106,0104	
6000,245	61,64	78,6451	106,06	0,00000872	106,0104	
6000,25	61,22	78,6451	106,06	0,00000906	106,0104	
6000,255	60,87	78,6451	106,06	0,00000856	106,0104	
6000,26	60,74	78,6451	106,06	0,00000812	106,0104	
6000,265	60,6	78,6451	106,06	0,00000859	106,0104	
6000,27	60,27	78,6451	106,06	0,00000903	106,0104	
6000,275	59,77	78,6451	106,06	0,00000866	106,0104	
6000,28	59,41	78,6451	106,06	0,00000834	106,0104	
6000,285	59,76	78,6451	106,06	0,00000881	106,0104	
6000,29	61,31	78,6451	106,06	0,00000906	106,0104	
6000,295	66,17	78,6451	106,06	0,0000085	106,0104	
6000,3	77,26	78,6451	106,06	0,00000819	106,0104	
6000,305	89,61	78,6451	106,06	0,00000872	106,0104	
6000,31	91,72	78,6451	106,06	0,00000897	106,0104	
6000,315	84,67	78,6451	106,06	0,00000838	106,0104	
6000,32	82,89	78,6451	106,06	0,00000809	106,0104	
6000,325	90,12	78,6451	106,06	0,00000862	106,0104	
6000,33	95,15	78,6451	106,06	0,00000884	106,0104	
6000,335	93,27	78,6451	106,06	0,00000831	106,0104	
6000,34	91,81	78,6451	106,06	0,00000819	106,0104	
6000,345	94,35	78,6451	106,06	0,00000894	106,0104	
6000,35	96,25	79,9958	109,06	0,00000916	109,0107	
6000,355	95,18	79,9958	109,06	0,00000853	109,0107	
6000,36	93,99	79,9958	109,06	0,00000841	109,0107	
6000,365	94,38	79,9958	109,06	0,00000909	109,0107	
6000,37	94,9	79,9958	109,06	0,00000947	109,0107	
6000,375	94,29	79,9958	109,06	0,00000903	109,0107	
6000,38	93,39	79,9958	109,06	0,00000859	109,0107	
6000,385	93,15	79,9958	109,06	0,00000887	109,0107	
6000,39	93,22	79,9958	109,06	0,00000925	109,0107	
6000,395	92,95	79,9958	109,06	0,00000884	109,0107	
6000,4	92,26	79,9958	109,06	0,00000831	109,0107	
6000,405	91,52	79,9958	109,06	0,00000856	109,0107	
6000,41	91,01	79,9958	109,06	0,00000891	109,0107	
6000,415	90,68	79,9958	109,06	0,00000856	109,0107	
6000,42	90,5	79,9958	109,06	0,00000828	109,0107	
6000,425	90,66	79,9958	109,06	0,00000869	109,0107	
6000,43	91,01	79,9958	109,06	0,000009	109,0107	
6000,435	91,13	79,9958	109,06	0,00000856	109,0107	
6000,44	91,19	79,9958	109,06	0,00000828	109,0107	
6000,445	91,49	79,9958	109,06	0,00000884	109,0107	
6000,45	91,78	79,9958	109,06	0,00000928	109,0107	
6000,455	91,52	79,9958	109,06	0,00000897	109,0107	
6000,46	90,33	79,9958	109,06	0,00000881	109,0107	
6000,465	87,98	79,9958	109,06	0,00000937	109,0107	
6000,47	85,08	79,9958	109,06	0,00000969	109,0107	
6000,475	84,71	79,9958	109,06	0,00000925	109,0107	
6000,48	89,1	79,9958	109,06	0,00000912	109,0107	
6000,485	92,44	79,9958	109,06	0,00000972	109,0107	
6000,49	89,11	79,9958	109,06	0,00001	109,0107	
6000,495	85,08	79,9958	109,06	0,00000953	109,0107	
6000,5	86,79	79,9958	109,06	0,00000937	109,0107	
6000,505	89,31	79,9958	109,06	0,00000984	109,0107	
6000,51	87,33	79,9958	109,06	0,00000987	109,0107	
6000,515	84,59	79,9958	109,06	0,00000909	109,0107	
6000,52	84,97	79,9958	109,06	0,00000881	109,0107	
6000,525	85,96	79,9958	109,06	0,00000937	109,0107	
6000,53	85,14	79,9958	109,06	0,00000963	109,0107	
6000,535	83,98	79,9958	109,06	0,00000922	109,0107	
6000,54	83,86	79,9958	109,06	0,00000931	109,0107	
6000,545	83,92	79,9958	109,06	0,00001006	109,0107	
6000,55	83,48	79,9958	109,06	0,00001034	109,0107	
6000,555	83,04	79,9958	109,06	0,00000984	109,0107	
6000,56	82,79	79,9958	109,06	0,00000931	109,0107	
6000,565	82,47	79,9958	109,06	0,0000095	109,0107	
6000,57	82,06	79,9958	109,06	0,00000984	109,0107	
6000,575	81,64	79,9958	109,06	0,00000956	109,0107	
6000,58	81,1	79,9958	109,06	0,00000916	109,0107	
6000,585	80,44	79,9958	109,06	0,00000941	109,0107	
6000,59	79,76	79,9958	109,06	0,00000969	109,0107	
6000,595	79,08	79,9958	109,06	0,00000934	109,0107	
6000,6	78,45	79,9958	109,06	0,00000909	109,0107	
6000,605	78	79,9958	109,06	0,0000095	109,0107	
6000,61	77,65	79,9958	109,06	0,00000981	109,0107	
6000,615	77,17	79,9958	109,06	0,00000944	109,0107	
6000,62	76,52	79,9958	109,06	0,00000912	109,0107	
6000,625	75,98	79,9958	109,06	0,0000095	109,0107	
6000,63	75,65	79,9958	109,06	0,00000975	109,0107	
6000,635	75,32	79,9958	109,06	0,00000934	109,0107	
6000,64	74,82	79,9958	109,06	0,00000909	109,0107	
6000,645	74,28	79,9958	109,06	0,0000095	109,0107	
6000,65	73,92	79,9958	109,06	0,00000972	109,0107	
6000,655	73,67	79,9958	109,06	0,00000931	109,0107	
6000,66	73,45	79,9958	109,06	0,00000909	109,0107	
6000,665	73,18	79,9958	109,06	0,0000095	109,0107	
6000,67	72,88	79,9958	109,06	0,00000953	109,0107	
6000,675	72,54	79,9958	109,06	0,00000894	109,0107	
6000,68	72,21	79,9958	109,06	0,00000869	109,0107	
6000,685	71,9	79,9958	109,06	0,00000912	109,0107	
6000,69	71,61	79,9958	109,06	0,00000922	109,0107	
6000,695	71,32	79,9958	109,06	0,00000872	109,0107	
6000,7	71,02	79,9958	109,06	0,00000872	109,0107	
6000,705	70,69	79,9958	109,06	0,00000934	109,0107	
6000,71	70,38	79,9958	109,06	0,0000095	109,0107	
6000,715	70,06	79,9958	109,06	0,00000912	109,0107	
6000,72	69,71	79,9958	109,06	0,00000925	109,0107	
6000,725	69,37	79,9958	109,06	0,00000997	109,0107	
6000,73	69,02	79,9958	109,06	0,00001019	109,0107	
6000,735	68,69	79,9958	109,06	0,00000969	109,0107	
6000,74	68,33	79,9958	109,06	0,00000922	109,0107	
6000,745	67,95	79,9958	109,06	0,00000931	109,0107	
6000,75	67,62	79,9958	109,06	0,00000947	109,0107	
6000,755	67,33	79,9958	109,06	0,00000916	109,0107	
6000,76	67,05	79,9958	109,06	0,00000884	109,0107	
6000,765	66,78	79,9958	109,06	0,00000919	109,0107	
6000,77	66,54	79,9958	109,06	0,00000956	109,0107	
6000,775	66,22	79,9958	109,06	0,00000944	109,0107	
6000,78	65,74	79,9958	109,06	0,00000941	109,0107	
6000,785	65,24	79,9958	109,06	0,00000987	109,0107	
6000,79	64,92	79,9958	109,06	0,00001009	109,0107	
6000,795	64,64	79,9958	109,06	0,00000969	109,0107	
6000,8	64,25	79,9958	109,06	0,0000095	109,0107	
6000,805	63,85	79,9958	109,06	0,00000981	109,0107	
6000,81	63,54	79,9958	109,06	0,00000984	109,0107	
6000,815	63,24	79,9958	109,06	0,00000931	109,0107	
6000,82	62,8	79,9958	109,06	0,00000919	109,0107	
6000,825	62,26	79,9958	109,06	0,00000963	109,0107	
6000,83	61,78	79,9958	109,06	0,00000975	109,0107	
6000,835	61,88	79,9958	109,06	0,00000925	109,0107	
6000,84	63,04	79,9958	109,06	0,00000909	109,0107	
6000,845	66,63	79,9958	109,06	0,00000953	109,0107	
6000,85	75,9	79,9958	109,06	0,0000095	109,0107	
6000,855	89,02	79,9958	109,06	0,00000894	109,0107	
6000,86	94,56	79,9958	109,06	0,00000884	109,0107	
6000,865	88,77	79,9958	109,06	0,00000931	109,0107	
6000,87	84,86	79,9958	109,06	0,00000944	109,0107	
6000,875	90,87	79,9958	109,06	0,00000906	109,0107	
6000,88	97,08	79,9958	109,06	0,00000872	109,0107	
6000,885	95,89	79,9958	109,06	0,00000887	109,0107	
6000,89	93,68	79,9958	109,06	0,00000919	109,0107	
6000,895	95,86	79,9958	109,06	0,00000891	109,0107	
6000,9	98,15	80,566	108,7	0,00000834	108,6477	
6000,905	97,03	80,566	108,7	0,00000834	108,6477	
6000,91	95,47	80,566	108,7	0,00000862	108,6477	
6000,915	95,74	80,566	108,7	0,00000847	108,6477	
6000,92	96,1	80,566	108,7	0,00000822	108,6477	
6000,925	95,39	80,566	108,7	0,00000847	108,6477	
6000,93	94,68	80,566	108,7	0,00000891	108,6477	
6000,935	94,46	80,566	108,7	0,00000894	108,6477	
6000,94	94,2	80,566	108,7	0,00000894	108,6477	
6000,945	93,8	80,566	108,7	0,00000931	108,6477	
6000,95	93,42	80,566	108,7	0,00000959	108,6477	
6000,955	92,92	80,566	108,7	0,00000937	108,6477	
6000,96	92,38	80,566	108,7	0,00000919	108,6477	
6000,965	92,08	80,566	108,7	0,00000947	108,6477	
6000,97	92,09	80,566	108,7	0,00000966	108,6477	
6000,975	92,27	80,566	108,7	0,00000934	108,6477	
6000,98	92,41	80,566	108,7	0,00000922	108,6477	
6000,985	92,52	80,566	108,7	0,00000959	108,6477	
6000,99	92,77	80,566	108,7	0,00000975	108,6477	
6000,995	93,19	80,566	108,7	0,00000934	108,6477	
6001	93,45	80,566	108,7	0,00000916	108,6477	
6001,005	93,22	80,566	108,7	0,00000947	108,6477	
6001,01	92,32	80,566	108,7	0,00000953	108,6477	
6001,015	90,39	80,566	108,7	0,00000912	108,6477	
6001,02	87,38	80,566	108,7	0,00000903	108,6477	
6001,025	84,94	80,566	108,7	0,00000941	108,6477	
6001,03	86,72	80,566	108,7	0,00000963	108,6477	
6001,035	91,84	80,566	108,7	0,00000931	108,6477	
6001,04	92,44	80,566	108,7	0,00000887	108,6477	
6001,045	87,35	80,566	108,7	0,00000891	108,6477	
6001,05	85,35	80,566	108,7	0,00000931	108,6477	
6001,055	88,27	80,566	108,7	0,00000928	108,6477	
6001,06	88,9	80,566	108,7	0,00000897	108,6477	
6001,065	85,89	80,566	108,7	0,00000909	108,6477	
6001,07	84,53	80,566	108,7	0,00000953	108,6477	
6001,075	85,59	80,566	108,7	0,0000095	108,6477	
6001,08	85,6	80,566	108,7	0,00000919	108,6477	
6001,085	84,25	80,566	108,7	0,00000925	108,6477	
6001,09	83,63	80,566	108,7	0,00000953	108,6477	
6001,095	83,81	80,566	108,7	0,00000941	108,6477	
6001,1	83,55	80,566	108,7	0,00000919	108,6477	
6001,105	82,88	80,566	108,7	0,00000944	108,6477	
6001,11	82,38	80,566	108,7	0,00000978	108,6477	
6001,115	82,05	80,566	108,7	0,00000963	108,6477	
6001,12	81,6	80,566	108,7	0,00000944	108,6477	
6001,125	81,11	80,566	108,7	0,00000959	108,6477	
6001,13	80,63	80,566	108,7	0,00000978	108,6477	
6001,135	80,06	80,566	108,7	0,00000959	108,6477	
6001,14	79,4	80,566	108,7	0,0000095	108,6477	
6001,145	78,69	80,566	108,7	0,00000984	108,6477	
6001,15	78,01	80,566	108,7	0,00001	108,6477	
6001,155	77,45	80,566	108,7	0,00000969	108,6477	
6001,16	76,97	80,566	108,7	0,0000095	108,6477	
6001,165	76,45	80,566	108,7	0,00000975	108,6477	
6001,17	75,9	80,566	108,7	0,00000981	108,6477	
6001,175	75,48	80,566	108,7	0,00000947	108,6477	
6001,18	75,17	80,566	108,7	0,00000934	108,6477	
6001,185	74,79	80,566	108,7	0,00000963	108,6477	
6001,19	74,32	80,566	108,7	0,00000959	108,6477	
6001,195	73,95	80,566	108,7	0,00000909	108,6477	
6001,2	73,69	80,566	108,7	0,00000891	108,6477	
6001,205	73,48	80,566	108,7	0,00000919	108,6477	
6001,21	73,24	80,566	108,7	0,00000919	108,6477	
6001,215	72,92	80,566	108,7	0,00000891	108,6477	
6001,22	72,57	80,566	108,7	0,00000906	108,6477	
6001,225	72,21	80,566	108,7	0,00000956	108,6477	
6001,23	71,88	80,566	108,7	0,00000969	108,6477	
6001,235	71,61	80,566	108,7	0,00000931	108,6477	
6001,24	71,37	80,566	108,7	0,00000891	108,6477	
6001,245	71,1	80,566	108,7	0,00000887	108,6477	
6001,25	70,81	80,566	108,7	0,00000912	108,6477	
6001,255	70,59	80,566	108,7	0,00000906	108,6477	
6001,26	70,41	80,566	108,7	0,00000887	108,6477	
6001,265	70,21	80,566	108,7	0,00000909	108,6477	
6001,27	70,01	80,566	108,7	0,00000937	108,6477	
6001,275	69,82	80,566	108,7	0,00000925	108,6477	
6001,28	69,59	80,566	108,7	0,00000903	108,6477	
6001,285	69,35	80,566	108,7	0,00000919	108,6477	
6001,29	69,08	80,566	108,7	0,00000947	108,6477	
6001,295	68,81	80,566	108,7	0,00000937	108,6477	
6001,3	68,52	80,566	108,7	0,00000931	108,6477	
6001,305	68,25	80,566	108,7	0,00000953	108,6477	
6001,31	67,98	80,566	108,7	0,00000956	108,6477	
6001,315	67,71	80,566	108,7	0,00000922	108,6477	
6001,32	67,44	80,566	108,7	0,00000903	108,6477	
6001,325	67,12	80,566	108,7	0,00000919	108,6477	
6001,33	66,7	80,566	108,7	0,00000919	108,6477	
6001,335	66,26	80,566	108,7	0,00000887	108,6477	
6001,34	65,93	80,566	108,7	0,00000884	108,6477	
6001,345	65,62	80,566	108,7	0,00000916	108,6477	
6001,35	65,18	80,566	108,7	0,00000916	108,6477	
6001,355	64,73	80,566	108,7	0,00000881	108,6477	
6001,36	64,41	80,566	108,7	0,00000878	108,6477	
6001,365	64,16	80,566	108,7	0,00000916	108,6477	
6001,37	63,72	80,566	108,7	0,00000931	108,6477	
6001,375	63,13	80,566	108,7	0,00000912	108,6477	
6001,38	62,51	80,566	108,7	0,00000878	108,6477	
6001,385	62,38	80,566	108,7	0,00000875	108,6477	
6001,39	63,33	80,566	108,7	0,00000903	108,6477	
6001,395	65,78	80,566	108,7	0,00000897	108,6477	
6001,4	72,41	80,566	108,7	0,00000869	108,6477	
6001,405	84,89	80,566	108,7	0,00000878	108,6477	
6001,41	94,58	80,566	108,7	0,00000906	108,6477	
6001,415	92,05	80,566	108,7	0,00000897	108,6477	
6001,42	85,63	80,566	108,7	0,00000872	108,6477	
6001,425	88,52	80,566	108,7	0,00000881	108,6477	
6001,43	96,34	80,566	108,7	0,00000906	108,6477	
6001,435	97,73	80,566	108,7	0,00000903	108,6477	
6001,44	94,87	80,566	108,7	0,00000894	108,6477	
6001,445	95,66	80,566	108,7	0,00000916	108,6477	
6001,45	98,72	80,566	108,7	0,00000937	108,6477	
6001,455	98,86	79,6406	105,43	0,00000922	105,3857	
6001,46	97,11	79,6406	105,43	0,00000906	105,3857	
6001,465	96,94	79,6406	105,43	0,00000919	105,3857	
6001,47	97,8	79,6406	105,43	0,00000925	105,3857	
6001,475	97,55	79,6406	105,43	0,00000897	105,3857	
6001,48	96,67	79,6406	105,43	0,00000887	105,3857	
6001,485	96,48	79,6406	105,43	0,00000912	105,3857	
6001,49	96,51	79,6406	105,43	0,00000925	105,3857	
6001,495	95,98	79,6406	105,43	0,000009	105,3857	
6001,5	95,2	79,6406	105,43	0,00000875	105,3857	
6001,505	94,65	79,6406	105,43	0,00000894	105,3857	
6001,51	94,25	79,6406	105,43	0,00000947	105,3857	
6001,515	93,89	79,6406	105,43	0,00000963	105,3857	
6001,52	93,69	79,6406	105,43	0,00000925	105,3857	
6001,525	93,68	79,6406	105,43	0,00000919	105,3857	
6001,53	93,77	79,6406	105,43	0,00000956	105,3857	
6001,535	93,98	79,6406	105,43	0,00000956	105,3857	
6001,54	94,17	79,6406	105,43	0,00000919	105,3857	
6001,545	94,31	79,6406	105,43	0,00000909	105,3857	
6001,55	94,43	79,6406	105,43	0,00000934	105,3857	
6001,555	94,37	79,6406	105,43	0,00000934	105,3857	
6001,56	93,6	79,6406	105,43	0,00000912	105,3857	
6001,565	91,69	79,6406	105,43	0,00000922	105,3857	
6001,57	88,71	79,6406	105,43	0,00000953	105,3857	
6001,575	86,45	79,6406	105,43	0,0000095	105,3857	
6001,58	88,3	79,6406	105,43	0,00000928	105,3857	
6001,585	92,82	79,6406	105,43	0,00000931	105,3857	
6001,59	92,67	79,6406	105,43	0,0000095	105,3857	
6001,595	87,82	79,6406	105,43	0,00000944	105,3857	
6001,6	86,4	79,6406	105,43	0,00000928	105,3857	
6001,605	89,07	79,6406	105,43	0,00000944	105,3857	
6001,61	89,19	79,6406	105,43	0,00000963	105,3857	
6001,615	86,22	79,6406	105,43	0,00000947	105,3857	
6001,62	84,96	79,6406	105,43	0,00000931	105,3857	
6001,625	85,9	79,6406	105,43	0,00000944	105,3857	
6001,63	85,96	79,6406	105,43	0,0000095	105,3857	
6001,635	84,71	79,6406	105,43	0,00000928	105,3857	
6001,64	83,92	79,6406	105,43	0,00000916	105,3857	
6001,645	83,81	79,6406	105,43	0,00000928	105,3857	
6001,65	83,42	79,6406	105,43	0,00000931	105,3857	
6001,655	82,8	79,6406	105,43	0,00000906	105,3857	
6001,66	82,36	79,6406	105,43	0,00000903	105,3857	
6001,665	82,03	79,6406	105,43	0,00000925	105,3857	
6001,67	81,63	79,6406	105,43	0,00000922	105,3857	
6001,675	81,19	79,6406	105,43	0,00000894	105,3857	
6001,68	80,72	79,6406	105,43	0,000009	105,3857	
6001,685	80,14	79,6406	105,43	0,00000931	105,3857	
6001,69	79,47	79,6406	105,43	0,00000928	105,3857	
6001,695	78,83	79,6406	105,43	0,000009	105,3857	
6001,7	78,15	79,6406	105,43	0,00000916	105,3857	
6001,705	77,58	79,6406	105,43	0,00000956	105,3857	
6001,71	77,2	79,6406	105,43	0,0000095	105,3857	
6001,715	76,76	79,6406	105,43	0,00000912	105,3857	
6001,72	76,11	79,6406	105,43	0,00000906	105,3857	
6001,725	75,45	79,6406	105,43	0,00000925	105,3857	
6001,73	74,98	79,6406	105,43	0,00000937	105,3857	
6001,735	74,64	79,6406	105,43	0,00000925	105,3857	
6001,74	74,2	79,6406	105,43	0,000009	105,3857	
6001,745	73,69	79,6406	105,43	0,00000906	105,3857	
6001,75	73,27	79,6406	105,43	0,00000931	105,3857	
6001,755	72,97	79,6406	105,43	0,00000934	105,3857	
6001,76	72,71	79,6406	105,43	0,00000925	105,3857	
6001,765	72,42	79,6406	105,43	0,00000937	105,3857	
6001,77	72,09	79,6406	105,43	0,0000095	105,3857	
6001,775	71,78	79,6406	105,43	0,00000941	105,3857	
6001,78	71,46	79,6406	105,43	0,00000941	105,3857	
6001,785	71,13	79,6406	105,43	0,00000959	105,3857	
6001,79	70,81	79,6406	105,43	0,00000959	105,3857	
6001,795	70,48	79,6406	105,43	0,00000928	105,3857	
6001,8	70,18	79,6406	105,43	0,00000906	105,3857	
6001,805	69,91	79,6406	105,43	0,00000916	105,3857	
6001,81	69,62	79,6406	105,43	0,00000912	105,3857	
6001,815	69,31	79,6406	105,43	0,00000891	105,3857	
6001,82	68,96	79,6406	105,43	0,00000897	105,3857	
6001,825	68,63	79,6406	105,43	0,00000922	105,3857	
6001,83	68,36	79,6406	105,43	0,00000919	105,3857	
6001,835	68,1	79,6406	105,43	0,00000894	105,3857	
6001,84	67,82	79,6406	105,43	0,000009	105,3857	
6001,845	67,48	79,6406	105,43	0,00000928	105,3857	
6001,85	67,12	79,6406	105,43	0,00000919	105,3857	
6001,855	66,79	79,6406	105,43	0,00000887	105,3857	
6001,86	66,46	79,6406	105,43	0,00000894	105,3857	
6001,865	66,11	79,6406	105,43	0,00000922	105,3857	
6001,87	65,8	79,6406	105,43	0,00000903	105,3857	
6001,875	65,51	79,6406	105,43	0,00000869	105,3857	
6001,88	65,24	79,6406	105,43	0,00000887	105,3857	
6001,885	64,95	79,6406	105,43	0,00000934	105,3857	
6001,89	64,64	79,6406	105,43	0,00000931	105,3857	
6001,895	64,25	79,6406	105,43	0,00000906	105,3857	
6001,9	63,75	79,6406	105,43	0,00000931	105,3857	
6001,905	63,37	79,6406	105,43	0,00000966	105,3857	
6001,91	63,25	79,6406	105,43	0,00000963	105,3857	
6001,915	63,13	79,6406	105,43	0,00000925	105,3857	
6001,92	62,86	79,6406	105,43	0,00000891	105,3857	
6001,925	62,6	79,6406	105,43	0,00000894	105,3857	
6001,93	62,42	79,6406	105,43	0,00000919	105,3857	
6001,935	62,15	79,6406	105,43	0,00000922	105,3857	
6001,94	61,78	79,6406	105,43	0,00000909	105,3857	
6001,945	61,35	79,6406	105,43	0,00000912	105,3857	
6001,95	60,92	79,6406	105,43	0,00000919	105,3857	
6001,955	61,01	79,6406	105,43	0,00000906	105,3857	
6001,96	62,26	79,6406	105,43	0,000009	105,3857	
6001,965	65,51	79,6406	105,43	0,00000919	105,3857	
6001,97	73,99	79,6406	105,43	0,00000931	105,3857	
6001,975	87,11	79,6406	105,43	0,00000919	105,3857	
6001,98	93,96	79,6406	105,43	0,00000916	105,3857	
6001,985	88,89	79,6406	105,43	0,00000937	105,3857	
6001,99	84,11	79,6406	105,43	0,00000947	105,3857	
6001,995	89,55	79,6406	105,43	0,00000928	105,3857	
6002	96,76	79,6406	105,43	0,00000931	105,3857	
6002,005	96,57	79,6406	105,43	0,00000953	105,3857	
6002,01	94,11	79,6406	105,43	0,00000959	105,3857	
6002,015	95,81	79,6406	105,43	0,00000941	105,3857	
6002,02	98,57	79,2296	104,72	0,00000947	104,6776	
6002,025	98,22	79,2296	104,72	0,00000975	104,6776	
6002,03	96,76	79,2296	104,72	0,00000975	104,6776	
6002,035	96,85	79,2296	104,72	0,00000947	104,6776	
6002,04	97,46	79,2296	104,72	0,00000944	104,6776	
6002,045	96,97	79,2296	104,72	0,00000953	104,6776	
6002,05	96,09	79,2296	104,72	0,00000925	104,6776	
6002,055	95,78	79,2296	104,72	0,00000887	104,6776	
6002,06	95,5	79,2296	104,72	0,00000894	104,6776	
6002,065	94,59	79,2296	104,72	0,00000925	104,6776	
6002,07	93,75	79,2296	104,72	0,00000912	104,6776	
6002,075	93,51	79,2296	104,72	0,00000881	104,6776	
6002,08	93,34	79,2296	104,72	0,00000897	104,6776	
6002,085	92,76	79,2296	104,72	0,00000934	104,6776	
6002,09	92,15	79,2296	104,72	0,00000937	104,6776	
6002,095	92,08	79,2296	104,72	0,00000916	104,6776	
6002,1	92,35	79,2296	104,72	0,00000897	104,6776	
6002,105	92,56	79,2296	104,72	0,00000906	104,6776	
6002,11	92,71	79,2296	104,72	0,00000928	104,6776	
6002,115	92,94	79,2296	104,72	0,00000928	104,6776	
6002,12	93,1	79,2296	104,72	0,00000912	104,6776	
6002,125	92,65	79,2296	104,72	0,00000916	104,6776	
6002,13	91,04	79,2296	104,72	0,00000922	104,6776	
6002,135	88,3	79,2296	104,72	0,00000909	104,6776	
6002,14	86,07	79,2296	104,72	0,00000894	104,6776	
6002,145	87,79	79,2296	104,72	0,000009	104,6776	
6002,15	92,71	79,2296	104,72	0,00000903	104,6776	
6002,155	93,48	79,2296	104,72	0,00000887	104,6776	
6002,16	88,87	79,2296	104,72	0,00000878	104,6776	
6002,165	87,06	79,2296	104,72	0,00000887	104,6776	
6002,17	89,97	79,2296	104,72	0,00000881	104,6776	
6002,175	90,68	79,2296	104,72	0,00000862	104,6776	
6002,18	87,68	79,2296	104,72	0,00000862	104,6776	
6002,185	86,05	79,2296	104,72	0,00000884	104,6776	
6002,19	86,99	79,2296	104,72	0,00000884	104,6776	
6002,195	87,15	79,2296	104,72	0,00000859	104,6776	
6002,2	85,81	79,2296	104,72	0,00000859	104,6776	
6002,205	84,89	79,2296	104,72	0,00000872	104,6776	
6002,21	84,74	79,2296	104,72	0,00000862	104,6776	
6002,215	84,31	79,2296	104,72	0,00000844	104,6776	
6002,22	83,49	79,2296	104,72	0,00000862	104,6776	
6002,225	82,83	79,2296	104,72	0,00000903	104,6776	
6002,23	82,35	79,2296	104,72	0,00000922	104,6776	
6002,235	81,87	79,2296	104,72	0,00000912	104,6776	
6002,24	81,42	79,2296	104,72	0,00000884	104,6776	
6002,245	80,95	79,2296	104,72	0,00000881	104,6776	
6002,25	80,3	79,2296	104,72	0,00000906	104,6776	
6002,255	79,61	79,2296	104,72	0,00000912	104,6776	
6002,26	79,01	79,2296	104,72	0,00000891	104,6776	
6002,265	78,46	79,2296	104,72	0,00000887	104,6776	
6002,27	77,94	79,2296	104,72	0,00000909	104,6776	
6002,275	77,56	79,2296	104,72	0,00000919	104,6776	
6002,28	77,23	79,2296	104,72	0,00000909	104,6776	
6002,285	76,78	79,2296	104,72	0,00000912	104,6776	
6002,29	76,25	79,2296	104,72	0,00000916	104,6776	
6002,295	75,78	79,2296	104,72	0,00000894	104,6776	
6002,3	75,41	79,2296	104,72	0,00000866	104,6776	
6002,305	75,04	79,2296	104,72	0,00000869	104,6776	
6002,31	74,62	79,2296	104,72	0,00000887	104,6776	
6002,315	74,17	79,2296	104,72	0,00000894	104,6776	
6002,32	73,78	79,2296	104,72	0,00000887	104,6776	
6002,325	73,48	79,2296	104,72	0,00000894	104,6776	
6002,33	73,22	79,2296	104,72	0,00000891	104,6776	
6002,335	72,92	79,2296	104,72	0,00000881	104,6776	
6002,34	72,59	79,2296	104,72	0,00000884	104,6776	
6002,345	72,23	79,2296	104,72	0,00000903	104,6776	
6002,35	71,81	79,2296	104,72	0,00000903	104,6776	
6002,355	71,35	79,2296	104,72	0,00000887	104,6776	
6002,36	70,83	79,2296	104,72	0,000009	104,6776	
6002,365	70,24	79,2296	104,72	0,00000922	104,6776	
6002,37	69,68	79,2296	104,72	0,00000916	104,6776	
6002,375	69,23	79,2296	104,72	0,00000891	104,6776	
6002,38	68,9	79,2296	104,72	0,00000897	104,6776	
6002,385	68,6	79,2296	104,72	0,00000919	104,6776	
6002,39	68,31	79,2296	104,72	0,00000912	104,6776	
6002,395	67,98	79,2296	104,72	0,00000894	104,6776	
6002,4	67,6	79,2296	104,72	0,00000912	104,6776	
6002,405	67,21	79,2296	104,72	0,00000944	104,6776	
6002,41	66,87	79,2296	104,72	0,00000925	104,6776	
6002,415	66,55	79,2296	104,72	0,00000891	104,6776	
6002,42	66,26	79,2296	104,72	0,00000897	104,6776	
6002,425	65,99	79,2296	104,72	0,00000922	104,6776	
6002,43	65,72	79,2296	104,72	0,00000919	104,6776	
6002,435	65,44	79,2296	104,72	0,00000897	104,6776	
6002,44	65,15	79,2296	104,72	0,00000866	104,6776	
6002,445	64,85	79,2296	104,72	0,00000859	104,6776	
6002,45	64,53	79,2296	104,72	0,00000881	104,6776	
6002,455	64,26	79,2296	104,72	0,00000887	104,6776	
6002,46	64,02	79,2296	104,72	0,00000872	104,6776	
6002,465	63,73	79,2296	104,72	0,00000872	104,6776	
6002,47	63,34	79,2296	104,72	0,00000887	104,6776	
6002,475	62,97	79,2296	104,72	0,00000891	104,6776	
6002,48	62,66	79,2296	104,72	0,00000875	104,6776	
6002,485	62,29	79,2296	104,72	0,00000875	104,6776	
6002,49	61,9	79,2296	104,72	0,00000878	104,6776	
6002,495	61,64	79,2296	104,72	0,00000875	104,6776	
6002,5	61,46	79,2296	104,72	0,00000872	104,6776	
6002,505	61,05	79,2296	104,72	0,00000884	104,6776	
6002,51	60,45	79,2296	104,72	0,00000887	104,6776	
6002,515	59,94	79,2296	104,72	0,00000881	104,6776	
6002,52	59,49	79,2296	104,72	0,00000884	104,6776	
6002,525	59,26	79,2296	104,72	0,00000903	104,6776	
6002,53	59,97	79,2296	104,72	0,00000906	104,6776	
6002,535	62,24	79,2296	104,72	0,000009	104,6776	
6002,54	68,21	79,2296	104,72	0,00000916	104,6776	
6002,545	80,05	79,2296	104,72	0,0000095	104,6776	
6002,55	90,96	79,2296	104,72	0,00000963	104,6776	
6002,555	90,39	79,2296	104,72	0,0000095	104,6776	
6002,56	83,19	79,2296	104,72	0,00000953	104,6776	
6002,565	83,8	79,2296	104,72	0,00000972	104,6776	
6002,57	91,82	79,2296	104,72	0,00000963	104,6776	
6002,575	95,38	79,2296	104,72	0,00000937	104,6776	
6002,58	92,83	79,2296	104,72	0,00000937	104,6776	
6002,585	92,26	79,2296	104,72	0,0000095	104,6776	
6002,59	95,12	79,2296	104,72	0,00000937	104,6776	
6002,595	96,34	79,5189	106,71	0,00000919	106,6671	
6002,6	94,99	79,5189	106,71	0,00000937	106,6671	
6002,605	94,29	79,5189	106,71	0,00000969	106,6671	
6002,61	94,94	79,5189	106,71	0,00000975	106,6671	
6002,615	95,03	79,5189	106,71	0,00000959	106,6671	
6002,62	94,08	79,5189	106,71	0,00000928	106,6671	
6002,625	93,4	79,5189	106,71	0,00000919	106,6671	
6002,63	93,42	79,5189	106,71	0,00000941	106,6671	
6002,635	93,28	79,5189	106,71	0,00000953	106,6671	
6002,64	92,62	79,5189	106,71	0,00000937	106,6671	
6002,645	91,94	79,5189	106,71	0,00000934	106,6671	
6002,65	91,6	79,5189	106,71	0,00000941	106,6671	
6002,655	91,28	79,5189	106,71	0,00000931	106,6671	
6002,66	90,86	79,5189	106,71	0,00000906	106,6671	
6002,665	90,65	79,5189	106,71	0,00000906	106,6671	
6002,67	90,78	79,5189	106,71	0,00000928	106,6671	
6002,675	91,07	79,5189	106,71	0,00000934	106,6671	
6002,68	91,33	79,5189	106,71	0,00000925	106,6671	
6002,685	91,6	79,5189	106,71	0,00000925	106,6671	
6002,69	91,87	79,5189	106,71	0,00000934	106,6671	
6002,695	91,96	79,5189	106,71	0,00000925	106,6671	
6002,7	91,42	79,5189	106,71	0,00000912	106,6671	
6002,705	89,71	79,5189	106,71	0,00000912	106,6671	
6002,71	87,02	79,5189	106,71	0,00000912	106,6671	
6002,715	85,51	79,5189	106,71	0,00000909	106,6671	
6002,72	88,54	79,5189	106,71	0,00000919	106,6671	
6002,725	93,31	79,5189	106,71	0,00000934	106,6671	
6002,73	92,41	79,5189	106,71	0,00000931	106,6671	
6002,735	87,64	79,5189	106,71	0,00000916	106,6671	
6002,74	87,43	79,5189	106,71	0,00000916	106,6671	
6002,745	90,57	79,5189	106,71	0,00000928	106,6671	
6002,75	90,09	79,5189	106,71	0,00000931	106,6671	
6002,755	86,87	79,5189	106,71	0,00000903	106,6671	
6002,76	86,1	79,5189	106,71	0,00000844	106,6671	
6002,765	87,21	79,5189	106,71	0,00000809	106,6671	
6002,77	86,88	79,5189	106,71	0,00000844	106,6671	
6002,775	85,47	79,5189	106,71	0,00000859	106,6671	
6002,78	84,89	79,5189	106,71	0,00000825	106,6671	
6002,785	84,86	79,5189	106,71	0,00000809	106,6671	
6002,79	84,31	79,5189	106,71	0,00000844	106,6671	
6002,795	83,43	79,5189	106,71	0,00000853	106,6671	
6002,8	82,8	79,5189	106,71	0,00000809	106,6671	
6002,805	82,33	79,5189	106,71	0,00000794	106,6671	
6002,81	81,85	79,5189	106,71	0,00000834	106,6671	
6002,815	81,4	79,5189	106,71	0,00000856	106,6671	
6002,82	80,89	79,5189	106,71	0,00000834	106,6671	
6002,825	80,24	79,5189	106,71	0,00000831	106,6671	
6002,83	79,59	79,5189	106,71	0,00000869	106,6671	
6002,835	79,02	79,5189	106,71	0,00000887	106,6671	
6002,84	78,45	79,5189	106,71	0,00000856	106,6671	
6002,845	77,92	79,5189	106,71	0,00000844	106,6671	
6002,85	77,58	79,5189	106,71	0,00000875	106,6671	
6002,855	77,3	79,5189	106,71	0,00000894	106,6671	
6002,86	76,85	79,5189	106,71	0,00000884	106,6671	
6002,865	76,31	79,5189	106,71	0,00000881	106,6671	
6002,87	75,87	79,5189	106,71	0,000009	106,6671	
6002,875	75,54	79,5189	106,71	0,00000903	106,6671	
6002,88	75,21	79,5189	106,71	0,00000887	106,6671	
6002,885	74,79	79,5189	106,71	0,00000884	106,6671	
6002,89	74,38	79,5189	106,71	0,00000894	106,6671	
6002,895	74,05	79,5189	106,71	0,00000887	106,6671	
6002,9	73,76	79,5189	106,71	0,00000872	106,6671	
6002,905	73,48	79,5189	106,71	0,00000875	106,6671	
6002,91	73,18	79,5189	106,71	0,00000887	106,6671	
6002,915	72,88	79,5189	106,71	0,00000887	106,6671	
6002,92	72,59	79,5189	106,71	0,00000881	106,6671	
6002,925	72,29	79,5189	106,71	0,00000881	106,6671	
6002,93	71,99	79,5189	106,71	0,00000881	106,6671	
6002,935	71,66	79,5189	106,71	0,00000866	106,6671	
6002,94	71,31	79,5189	106,71	0,00000853	106,6671	
6002,945	70,98	79,5189	106,71	0,00000856	106,6671	
6002,95	70,65	79,5189	106,71	0,00000856	106,6671	
6002,955	70,32	79,5189	106,71	0,00000844	106,6671	
6002,96	69,97	79,5189	106,71	0,00000841	106,6671	
6002,965	69,61	79,5189	106,71	0,00000847	106,6671	
6002,97	69,23	79,5189	106,71	0,00000838	106,6671	
6002,975	68,85	79,5189	106,71	0,00000819	106,6671	
6002,98	68,49	79,5189	106,71	0,00000822	106,6671	
6002,985	68,13	79,5189	106,71	0,00000834	106,6671	
6002,99	67,77	79,5189	106,71	0,00000831	106,6671	
6002,995	67,41	79,5189	106,71	0,00000822	106,6671	
6003	67,03	79,5189	106,71	0,00000812	106,6671	
6003,005	66,7	79,5189	106,71	0,00000819	106,6671	
6003,01	66,4	79,5189	106,71	0,00000856	106,6671	
6003,015	66,13	79,5189	106,71	0,00000875	106,6671	
6003,02	65,84	79,5189	106,71	0,00000847	106,6671	
6003,025	65,57	79,5189	106,71	0,00000838	106,6671	
6003,03	65,24	79,5189	106,71	0,00000866	106,6671	
6003,035	64,8	79,5189	106,71	0,00000881	106,6671	
6003,04	64,37	79,5189	106,71	0,00000859	106,6671	
6003,045	64,07	79,5189	106,71	0,00000856	106,6671	
6003,05	63,79	79,5189	106,71	0,00000884	106,6671	
6003,055	63,4	79,5189	106,71	0,00000897	106,6671	
6003,06	62,98	79,5189	106,71	0,00000878	106,6671	
6003,065	62,63	79,5189	106,71	0,00000875	106,6671	
6003,07	62,33	79,5189	106,71	0,000009	106,6671	
6003,075	61,96	79,5189	106,71	0,00000912	106,6671	
6003,08	61,46	79,5189	106,71	0,00000903	106,6671	
6003,085	60,89	79,5189	106,71	0,000009	106,6671	
6003,09	60,72	79,5189	106,71	0,00000906	106,6671	
6003,095	61,57	79,5189	106,71	0,00000891	106,6671	
6003,1	64,46	79,5189	106,71	0,00000831	106,6671	
6003,105	72,54	79,5189	106,71	0,00000663	106,6671	
6003,11	85,56	79,5189	106,71	-0,00001384	106,6671	
6003,115	93,04	79,5189	106,71	-0,00011266	106,6671	
6003,12	88,43	79,5189	106,71	-0,00034181	106,6671	
6003,125	82,94	79,5189	106,71	-0,00064534	106,6671	
6003,13	87,41	79,5189	106,71	-0,00088359	106,6671	
6003,135	94,68	79,5189	106,71	-0,00099047	106,6671	
6003,14	94,96	79,5189	106,71	-0,00101556	106,6671	
6003,145	92,41	79,5189	106,71	-0,0010185	106,6671	
6003,15	93,86	79,5189	106,71	-0,00099019	106,6671	
6003,155	96,66	80,5543	106,8	-0,00084956	106,7531	
6003,16	96,43	80,5543	106,8	-0,00055612	106,7531	
6003,165	94,9	80,5543	106,8	-0,00015609	106,7531	
6003,17	94,91	80,5543	106,8	0,00029566	106,7531	
6003,175	95,72	80,5543	106,8	0,00070584	106,7531	
6003,18	95,47	80,5543	106,8	0,00094312	106,7531	
6003,185	94,53	80,5543	106,8	0,00099662	106,7531	
6003,19	94,11	80,5543	106,8	0,00099191	106,7531	
6003,195	94,04	80,5543	106,8	0,00100619	106,7531	
6003,2	93,69	80,5543	106,8	0,00101662	106,7531	
6003,205	93,25	80,5543	106,8	0,001002	106,7531	
6003,21	92,95	80,5543	106,8	0,0009915	106,7531	
6003,215	92,49	80,5543	106,8	0,00100609	106,7531	
6003,22	91,9	80,5543	106,8	0,00101662	106,7531	
6003,225	91,67	80,5543	106,8	0,00100216	106,7531	
6003,23	91,9	80,5543	106,8	0,00099187	106,7531	
6003,235	92,2	80,5543	106,8	0,00100634	106,7531	
6003,24	92,24	80,5543	106,8	0,00101675	106,7531	
6003,245	92,2	80,5543	106,8	0,00100253	106,7531	
6003,25	92,41	80,5543	106,8	0,00099237	106,7531	
6003,255	92,76	80,5543	106,8	0,00100662	106,7531	
6003,26	92,83	80,5543	106,8	0,00101687	106,7531	
6003,265	92,3	80,5543	106,8	0,00100284	106,7531	
6003,27	90,83	80,5543	106,8	0,00099288	106,7531	
6003,275	88,16	80,5543	106,8	0,0010065	106,7531	
6003,28	85,5	80,5543	106,8	0,00100444	106,7531	
6003,285	86,48	80,5543	106,8	0,00091856	106,7531	
6003,29	91,39	80,5543	106,8	0,00072687	106,7531	
6003,295	92,82	80,5543	106,8	0,00049009	106,7531	
6003,3	88,15	80,5543	106,8	0,00027759	106,7531	
6003,305	85,56	80,5543	106,8	0,00011881	106,7531	
6003,31	88,25	80,5543	106,8	0,00001475	106,7531	
6003,315	89,34	80,5543	106,8	-0,00005691	106,7531	
6003,32	86,48	80,5543	106,8	-0,00011253	106,7531	
6003,325	84,86	80,5543	106,8	-0,00014822	106,7531	
6003,33	86,01	80,5543	106,8	-0,00016209	106,7531	
6003,335	86,37	80,5543	106,8	-0,00016762	106,7531	
6003,34	85,02	80,5543	106,8	-0,00017412	106,7531	
6003,345	84,19	80,5543	106,8	-0,00017584	106,7531	
6003,35	84,38	80,5543	106,8	-0,00016969	106,7531	
6003,355	84,23	80,5543	106,8	-0,00016372	106,7531	
6003,36	83,55	80,5543	106,8	-0,00016187	106,7531	
6003,365	83,06	80,5543	106,8	-0,00015759	106,7531	
6003,37	82,74	80,5543	106,8	-0,00014872	106,7531	
6003,375	82,23	80,5543	106,8	-0,00014228	106,7531	
6003,38	81,57	80,5543	106,8	-0,00014003	106,7531	
6003,385	80,99	80,5543	106,8	-0,00013522	106,7531	
6003,39	80,47	80,5543	106,8	-0,00012684	106,7531	
6003,395	79,85	80,5543	106,8	-0,00012153	106,7531	
6003,4	79,22	80,5543	106,8	-0,00011991	106,7531	
6003,405	78,63	80,5543	106,8	-0,00011559	106,7531	
6003,41	78,15	80,5543	106,8	-0,00010841	106,7531	
6003,415	77,76	80,5543	106,8	-0,00010447	106,7531	
6003,42	77,29	80,5543	106,8	-0,00010356	106,7531	
6003,425	76,76	80,5543	106,8	-0,00009972	106,7531	
6003,43	76,29	80,5543	106,8	-0,00009356	106,7531	
6003,435	75,93	80,5543	106,8	-0,00009078	106,7531	
6003,44	75,5	80,5543	106,8	-0,00009047	106,7531	
6003,445	74,97	80,5543	106,8	-0,00008697	106,7531	
6003,45	74,55	80,5543	106,8	-0,00008144	106,7531	
6003,455	74,31	80,5543	106,8	-0,00007934	106,7531	
6003,46	74,14	80,5543	106,8	-0,00007941	106,7531	
6003,465	73,95	80,5543	106,8	-0,00007625	106,7531	
6003,47	73,72	80,5543	106,8	-0,00007125	106,7531	
6003,475	73,46	80,5543	106,8	-0,00006978	106,7531	
6003,48	73,25	80,5543	106,8	-0,00007056	106,7531	
6003,485	73,1	80,5543	106,8	-0,00006797	106,7531	
6003,49	72,98	80,5543	106,8	-0,00006325	106,7531	
6003,495	72,82	80,5543	106,8	-0,00006203	106,7531	
6003,5	72,59	80,5543	106,8	-0,00006284	106,7531	
6003,505	72,36	80,5543	106,8	-0,00006028	106,7531	
6003,51	72,14	80,5543	106,8	-0,00005591	106,7531	
6003,515	71,88	80,5543	106,8	-0,00005494	106,7531	
6003,52	71,55	80,5543	106,8	-0,00005569	106,7531	
6003,525	71,19	80,5543	106,8	-0,00005309	106,7531	
6003,53	70,86	80,5543	106,8	-0,00004919	106,7531	
6003,535	70,5	80,5543	106,8	-0,00004881	106,7531	
6003,54	70,1	80,5543	106,8	-0,00004994	106,7531	
6003,545	69,7	80,5543	106,8	-0,00004778	106,7531	
6003,55	69,31	80,5543	106,8	-0,00004434	106,7531	
6003,555	68,9	80,5543	106,8	-0,00004419	106,7531	
6003,56	68,51	80,5543	106,8	-0,00004506	106,7531	
6003,565	68,16	80,5543	106,8	-0,00004266	106,7531	
6003,57	67,85	80,5543	106,8	-0,00003934	106,7531	
6003,575	67,54	80,5543	106,8	-0,00003941	106,7531	
6003,58	67,27	80,5543	106,8	-0,00004044	106,7531	
6003,585	67,03	80,5543	106,8	-0,00003825	106,7531	
6003,59	66,76	80,5543	106,8	-0,00003534	106,7531	
6003,595	66,35	80,5543	106,8	-0,00003566	106,7531	
6003,6	65,89	80,5543	106,8	-0,00003662	106,7531	
6003,605	65,54	80,5543	106,8	-0,00003437	106,7531	
6003,61	65,27	80,5543	106,8	-0,00003153	106,7531	
6003,615	64,92	80,5543	106,8	-0,00003184	106,7531	
6003,62	64,5	80,5543	106,8	-0,00003269	106,7531	
6003,625	64,17	80,5543	106,8	-0,00003053	106,7531	
6003,63	63,88	80,5543	106,8	-0,00002806	106,7531	
6003,635	63,52	80,5543	106,8	-0,00002866	106,7531	
6003,64	63,03	80,5543	106,8	-0,00002944	106,7531	
6003,645	62,47	80,5543	106,8	-0,00002722	106,7531	
6003,65	62,27	80,5543	106,8	-0,000025	106,7531	
6003,655	63,06	80,5543	106,8	-0,00002575	106,7531	
6003,66	65,3	80,5543	106,8	-0,0000265	106,7531	
6003,665	71,43	80,5543	106,8	-0,00002425	106,7531	
6003,67	83,48	80,5543	106,8	-0,00002191	106,7531	
6003,675	93,86	80,5543	106,8	-0,00002269	106,7531	
6003,68	92,5	80,5543	106,8	-0,00002384	106,7531	
6003,685	85,95	80,5543	106,8	-0,00002203	106,7531	
6003,69	87,89	80,5543	106,8	-0,00001972	106,7531	
6003,695	95,69	80,5543	106,8	-0,00002038	106,7531	
6003,7	97,83	80,5543	106,8	-0,00002141	106,7531	
6003,705	94,99	80,5543	106,8	-0,00001953	106,7531	
6003,71	95,29	80,5543	106,8	-0,00001741	106,7531	
6003,715	98,54	80,5543	106,8	-0,00001809	106,7531	
6003,72	99,25	79,3	101,7	-0,00001878	101,6542	
6003,725	97,49	79,3	101,7	-0,00001675	101,6542	
6003,73	96,99	79,3	101,7	-0,00001497	101,6542	
6003,735	97,86	79,3	101,7	-0,00001619	101,6542	
6003,74	97,82	79,3	101,7	-0,00001737	101,6542	
6003,745	96,93	79,3	101,7	-0,00001575	101,6542	
6003,75	96,6	79,3	101,7	-0,00001431	101,6542	
6003,755	96,54	79,3	101,7	-0,00001559	101,6542	
6003,76	95,99	79,3	101,7	-0,0000165	101,6542	
6003,765	95,42	79,3	101,7	-0,00001459	101,6542	
6003,77	95,18	79,3	101,7	-0,00001309	101,6542	
6003,775	94,94	79,3	101,7	-0,00001441	101,6542	
6003,78	94,46	79,3	101,7	-0,00001537	101,6542	
6003,785	93,89	79,3	101,7	-0,00001369	101,6542	
6003,79	93,57	79,3	101,7	-0,00001241	101,6542	
6003,795	93,6	79,3	101,7	-0,00001372	101,6542	
6003,8	93,68	79,3	101,7	-0,00001444	101,6542	
6003,805	93,65	79,3	101,7	-0,00001241	101,6542	
6003,81	93,69	79,3	101,7	-0,00001091	101,6542	
6003,815	93,92	79,3	101,7	-0,00001197	101,6542	
6003,82	93,93	79,3	101,7	-0,00001241	101,6542	
6003,825	93,19	79,3	101,7	-0,00001037	101,6542	
6003,83	91,45	79,3	101,7	-0,00000912	101,6542	
6003,835	88,65	79,3	101,7	-0,0000105	101,6542	
6003,84	85,87	79,3	101,7	-0,00001112	101,6542	
6003,845	86,66	79,3	101,7	-0,00000934	101,6542	
6003,85	91,61	79,3	101,7	-0,00000838	101,6542	
6003,855	93,52	79,3	101,7	-0,00000997	101,6542	
6003,86	89,13	79,3	101,7	-0,00001103	101,6542	
6003,865	86,21	79,3	101,7	-0,00000937	101,6542	
6003,87	88,66	79,3	101,7	-0,00000778	101,6542	
6003,875	90,09	79,3	101,7	-0,00000869	101,6542	
6003,88	87,4	79,3	101,7	-0,00000944	101,6542	
6003,885	85,38	79,3	101,7	-0,00000772	101,6542	
6003,89	86,18	79,3	101,7	-0,00000637	101,6542	
6003,895	86,61	79,3	101,7	-0,00000753	101,6542	
6003,9	85,32	79,3	101,7	-0,00000825	101,6542	
6003,905	84,22	79,3	101,7	-0,0000065	101,6542	
6003,91	84,14	79,3	101,7	-0,00000522	101,6542	
6003,915	84,05	79,3	101,7	-0,00000641	101,6542	
6003,92	83,48	79,3	101,7	-0,00000712	101,6542	
6003,925	82,91	79,3	101,7	-0,00000547	101,6542	
6003,93	82,5	79,3	101,7	-0,00000437	101,6542	
6003,935	82,05	79,3	101,7	-0,00000566	101,6542	
6003,94	81,51	79,3	101,7	-0,00000634	101,6542	
6003,945	81,01	79,3	101,7	-0,00000462	101,6542	
6003,95	80,44	79,3	101,7	-0,00000359	101,6542	
6003,955	79,77	79,3	101,7	-0,00000503	101,6542	
6003,96	79,04	79,3	101,7	-0,00000584	101,6542	
6003,965	78,3	79,3	101,7	-0,00000425	101,6542	
6003,97	77,71	79,3	101,7	-0,00000319	101,6542	
6003,975	77,35	79,3	101,7	-0,00000425	101,6542	
6003,98	76,99	79,3	101,7	-0,00000466	101,6542	
6003,985	76,45	79,3	101,7	-0,00000294	101,6542	
6003,99	75,84	79,3	101,7	-0,00000219	101,6542	
6003,995	75,35	79,3	101,7	-0,00000372	101,6542	
6004	74,91	79,3	101,7	-0,00000441	101,6542	
6004,005	74,46	79,3	101,7	-0,00000284	101,6542	
6004,01	74,05	79,3	101,7	-0,00000212	101,6542	
6004,015	73,7	79,3	101,7	-0,0000035	101,6542	
6004,02	73,4	79,3	101,7	-0,00000391	101,6542	
6004,025	73,15	79,3	101,7	-0,00000212	101,6542	
6004,03	72,83	79,3	101,7	-0,00000128	101,6542	
6004,035	72,47	79,3	101,7	-0,00000266	101,6542	
6004,04	72,14	79,3	101,7	-0,00000331	101,6542	
6004,045	71,9	79,3	101,7	-0,00000184	101,6542	
6004,05	71,66	79,3	101,7	-0,00000081	101,6542	
6004,055	71,37	79,3	101,7	-0,000002	101,6542	
6004,06	71,08	79,3	101,7	-0,00000281	101,6542	
6004,065	70,81	79,3	101,7	-0,00000147	101,6542	
6004,07	70,59	79,3	101,7	-0,0000005	101,6542	
6004,075	70,32	79,3	101,7	-0,00000172	101,6542	
6004,08	69,98	79,3	101,7	-0,00000247	101,6542	
6004,085	69,61	79,3	101,7	-0,00000106	101,6542	
6004,09	69,22	79,3	101,7	-0,00000012	101,6542	
6004,095	68,82	79,3	101,7	-0,00000119	101,6542	
6004,1	68,48	79,3	101,7	-0,00000166	101,6542	
6004,105	68,19	79,3	101,7	-0,00000009	101,6542	
6004,11	67,92	79,3	101,7	0,00000075	101,6542	
6004,115	67,63	79,3	101,7	-0,00000047	101,6542	
6004,12	67,35	79,3	101,7	-0,00000106	101,6542	
6004,125	67,06	79,3	101,7	0,00000034	101,6542	
6004,13	66,72	79,3	101,7	0,00000103	101,6542	
6004,135	66,29	79,3	101,7	-0,00000022	101,6542	
6004,14	65,81	79,3	101,7	-0,00000066	101,6542	
6004,145	65,32	79,3	101,7	0,00000091	101,6542	
6004,15	64,91	79,3	101,7	0,00000166	101,6542	
6004,155	64,62	79,3	101,7	0,00000044	101,6542	
6004,16	64,4	79,3	101,7	0	101,6542	
6004,165	64,2	79,3	101,7	0,00000141	101,6542	
6004,17	64,02	79,3	101,7	0,00000197	101,6542	
6004,175	63,78	79,3	101,7	0,00000069	101,6542	
6004,18	63,4	79,3	101,7	0,00000031	101,6542	
6004,185	63	79,3	101,7	0,00000172	101,6542	
6004,19	62,69	79,3	101,7	0,00000209	101,6542	
6004,195	62,53	79,3	101,7	0,00000056	101,6542	
6004,2	62,32	79,3	101,7	0,00000009	101,6542	
6004,205	62,03	79,3	101,7	0,00000153	101,6542	
6004,21	61,81	79,3	101,7	0,00000203	101,6542	
6004,215	61,69	79,3	101,7	0,00000075	101,6542	
6004,22	61,54	79,3	101,7	0,00000034	101,6542	
6004,225	61,32	79,3	101,7	0,00000191	101,6542	
6004,23	61,13	79,3	101,7	0,00000281	101,6542	
6004,235	60,89	79,3	101,7	0,00000169	101,6542	
6004,24	60,86	79,3	101,7	0,00000091	101,6542	
6004,245	61,76	79,3	101,7	0,00000206	101,6542	
6004,25	64,19	79,3	101,7	0,00000288	101,6542	
6004,255	70,48	79,3	101,7	0,00000191	101,6542	
6004,26	82,73	79,3	101,7	0,00000144	101,6542	
6004,265	93,22	79,3	101,7	0,00000278	101,6542	
6004,27	91,79	79,3	101,7	0,00000356	101,6542	
6004,275	84,99	79,3	101,7	0,0000025	101,6542	
6004,28	86,81	79,3	101,7	0,00000197	101,6542	
6004,285	94,84	79,3	101,7	0,00000325	101,6542	
6004,29	97,29	79,3	101,7	0,00000394	101,6542	
6004,295	94,49	79,3	101,7	0,00000288	101,6542	
6004,3	94,56	79,3	101,7	0,00000244	101,6542	
6004,305	97,52	79,3	101,7	0,00000372	101,6542	
6004,31	98,13	77,9424	99,83	0,00000434	99,7801	
6004,315	96,54	77,9424	99,83	0,00000312	99,7801	
6004,32	96,13	77,9424	99,83	0,00000259	99,7801	
6004,325	96,9	77,9424	99,83	0,00000378	99,7801	
6004,33	96,75	77,9424	99,83	0,00000431	99,7801	
6004,335	95,87	77,9424	99,83	0,00000322	99,7801	
6004,34	95,62	77,9424	99,83	0,00000291	99,7801	
6004,345	95,42	77,9424	99,83	0,00000425	99,7801	
6004,35	94,49	77,9424	99,83	0,00000484	99,7801	
6004,355	93,6	77,9424	99,83	0,00000375	99,7801	
6004,36	93,42	77,9424	99,83	0,0000035	99,7801	
6004,365	93,22	77,9424	99,83	0,00000481	99,7801	
6004,37	92,44	77,9424	99,83	0,00000528	99,7801	
6004,375	91,81	77,9424	99,83	0,00000412	99,7801	
6004,38	92,02	77,9424	99,83	0,00000384	99,7801	
6004,385	92,43	77,9424	99,83	0,00000519	99,7801	
6004,39	92,41	77,9424	99,83	0,00000566	99,7801	
6004,395	92,44	77,9424	99,83	0,00000459	99,7801	
6004,4	92,86	77,9424	99,83	0,00000441	99,7801	
6004,405	93,13	77,9424	99,83	0,00000569	99,7801	
6004,41	92,83	77,9424	99,83	0,00000597	99,7801	
6004,415	91,91	77,9424	99,83	0,00000469	99,7801	
6004,42	90,03	77,9424	99,83	0,00000441	99,7801	
6004,425	87,21	77,9424	99,83	0,00000553	99,7801	
6004,43	85,98	77,9424	99,83	0,00000572	99,7801	
6004,435	89,46	77,9424	99,83	0,00000453	99,7801	
6004,44	93,69	77,9424	99,83	0,00000434	99,7801	
6004,445	91,7	77,9424	99,83	0,00000569	99,7801	
6004,45	87,15	77,9424	99,83	0,00000637	99,7801	
6004,455	87,74	77,9424	99,83	0,00000537	99,7801	
6004,46	90,56	77,9424	99,83	0,00000478	99,7801	
6004,465	89,34	77,9424	99,83	0,00000575	99,7801	
6004,47	86,3	77,9424	99,83	0,00000628	99,7801	
6004,475	85,93	77,9424	99,83	0,00000528	99,7801	
6004,48	86,85	77,9424	99,83	0,00000481	99,7801	
6004,485	86,21	77,9424	99,83	0,00000584	99,7801	
6004,49	84,8	77,9424	99,83	0,00000625	99,7801	
6004,495	84,28	77,9424	99,83	0,00000516	99,7801	
6004,5	84,1	77,9424	99,83	0,00000469	99,7801	
6004,505	83,43	77,9424	99,83	0,00000569	99,7801	
6004,51	82,64	77,9424	99,83	0,00000606	99,7801	
6004,515	82,12	77,9424	99,83	0,00000497	99,7801	
6004,52	81,66	77,9424	99,83	0,00000453	99,7801	
6004,525	81,13	77,9424	99,83	0,00000556	99,7801	
6004,53	80,6	77,9424	99,83	0,00000597	99,7801	
6004,535	79,92	77,9424	99,83	0,00000506	99,7801	
6004,54	79,1	77,9424	99,83	0,00000494	99,7801	
6004,545	78,33	77,9424	99,83	0,00000612	99,7801	
6004,55	77,73	77,9424	99,83	0,00000644	99,7801	
6004,555	77,17	77,9424	99,83	0,00000547	99,7801	
6004,56	76,72	77,9424	99,83	0,00000541	99,7801	
6004,565	76,37	77,9424	99,83	0,00000666	99,7801	
6004,57	75,99	77,9424	99,83	0,00000694	99,7801	
6004,575	75,45	77,9424	99,83	0,00000591	99,7801	
6004,58	74,91	77,9424	99,83	0,00000581	99,7801	
6004,585	74,52	77,9424	99,83	0,00000694	99,7801	
6004,59	74,22	77,9424	99,83	0,000007	99,7801	
6004,595	73,89	77,9424	99,83	0,00000584	99,7801	
6004,6	73,49	77,9424	99,83	0,00000575	99,7801	
6004,605	73,09	77,9424	99,83	0,000007	99,7801	
6004,61	72,79	77,9424	99,83	0,00000741	99,7801	
6004,615	72,54	77,9424	99,83	0,00000637	99,7801	
6004,62	72,27	77,9424	99,83	0,00000591	99,7801	
6004,625	71,96	77,9424	99,83	0,00000684	99,7801	
6004,63	71,64	77,9424	99,83	0,00000741	99,7801	
6004,635	71,34	77,9424	99,83	0,00000659	99,7801	
6004,64	71,01	77,9424	99,83	0,00000622	99,7801	
6004,645	70,68	77,9424	99,83	0,00000712	99,7801	
6004,65	70,36	77,9424	99,83	0,0000075	99,7801	
6004,655	70,06	77,9424	99,83	0,00000656	99,7801	
6004,66	69,74	77,9424	99,83	0,00000612	99,7801	
6004,665	69,44	77,9424	99,83	0,00000703	99,7801	
6004,67	69,13	77,9424	99,83	0,00000737	99,7801	
6004,675	68,75	77,9424	99,83	0,0000065	99,7801	
6004,68	68,3	77,9424	99,83	0,00000628	99,7801	
6004,685	67,83	77,9424	99,83	0,00000728	99,7801	
6004,69	67,44	77,9424	99,83	0,00000756	99,7801	
6004,695	67,11	77,9424	99,83	0,00000647	99,7801	
6004,7	66,82	77,9424	99,83	0,00000603	99,7801	
6004,705	66,55	77,9424	99,83	0,00000694	99,7801	
6004,71	66,26	77,9424	99,83	0,00000728	99,7801	
6004,715	65,92	77,9424	99,83	0,00000641	99,7801	
6004,72	65,51	77,9424	99,83	0,00000628	99,7801	
6004,725	65,1	77,9424	99,83	0,00000734	99,7801	
6004,73	64,7	77,9424	99,83	0,00000766	99,7801	
6004,735	64,37	77,9424	99,83	0,00000672	99,7801	
6004,74	64,1	77,9424	99,83	0,00000641	99,7801	
6004,745	63,82	77,9424	99,83	0,00000722	99,7801	
6004,75	63,57	77,9424	99,83	0,00000744	99,7801	
6004,755	63,3	77,9424	99,83	0,00000656	99,7801	
6004,76	63,04	77,9424	99,83	0,00000606	99,7801	
6004,765	62,79	77,9424	99,83	0,00000694	99,7801	
6004,77	62,57	77,9424	99,83	0,00000766	99,7801	
6004,775	62,35	77,9424	99,83	0,000007	99,7801	
6004,78	62,05	77,9424	99,83	0,00000644	99,7801	
6004,785	61,69	77,9424	99,83	0,00000719	99,7801	
6004,79	61,38	77,9424	99,83	0,00000784	99,7801	
6004,795	61,19	77,9424	99,83	0,00000722	99,7801	
6004,8	60,99	77,9424	99,83	0,00000672	99,7801	
6004,805	60,72	77,9424	99,83	0,00000741	99,7801	
6004,81	60,42	77,9424	99,83	0,00000794	99,7801	
6004,815	60,09	77,9424	99,83	0,00000725	99,7801	
6004,82	59,64	77,9424	99,83	0,00000684	99,7801	
6004,825	59,16	77,9424	99,83	0,00000759	99,7801	
6004,83	58,78	77,9424	99,83	0,00000803	99,7801	
6004,835	58,4	77,9424	99,83	0,00000737	99,7801	
6004,84	58,3	77,9424	99,83	0,00000712	99,7801	
6004,845	59,16	77,9424	99,83	0,000008	99,7801	
6004,85	61,75	77,9424	99,83	0,00000841	99,7801	
6004,855	68,61	77,9424	99,83	0,00000762	99,7801	
6004,86	81,19	77,9424	99,83	0,00000728	99,7801	
6004,865	91,09	77,9424	99,83	0,00000803	99,7801	
6004,87	88,92	77,9424	99,83	0,00000828	99,7801	
6004,875	82,15	77,9424	99,83	0,00000741	99,7801	
6004,88	84,19	77,9424	99,83	0,00000706	99,7801	
6004,885	92,18	77,9424	99,83	0,00000784	99,7801	
6004,89	94,68	77,9424	99,83	0,00000806	99,7801	
6004,895	92,03	77,9424	99,83	0,00000728	99,7801	
6004,9	92,05	77,9424	99,83	0,00000709	99,7801	
6004,905	94,97	77,9424	99,83	0,00000791	99,7801	
6004,91	96,03	78,0068	101,12	0,000008	101,0692	
6004,915	94,91	78,0068	101,12	0,00000703	101,0692	
6004,92	94,52	78,0068	101,12	0,00000675	101,0692	
6004,925	95,26	78,0068	101,12	0,00000753	101,0692	
6004,93	95,44	78,0068	101,12	0,00000766	101,0692	
6004,935	94,77	78,0068	101,12	0,00000684	101,0692	
6004,94	94,22	78,0068	101,12	0,00000672	101,0692	
6004,945	93,99	78,0068	101,12	0,00000762	101,0692	
6004,95	93,71	78,0068	101,12	0,00000787	101,0692	
6004,955	93,37	78,0068	101,12	0,00000709	101,0692	
6004,96	93,09	78,0068	101,12	0,00000703	101,0692	
6004,965	92,52	78,0068	101,12	0,00000791	101,0692	
6004,97	91,82	78,0068	101,12	0,00000809	101,0692	
6004,975	91,4	78,0068	101,12	0,00000737	101,0692	
6004,98	91,19	78,0068	101,12	0,00000747	101,0692	
6004,985	91,07	78,0068	101,12	0,00000841	101,0692	
6004,99	91,21	78,0068	101,12	0,00000847	101,0692	
6004,995	91,51	78,0068	101,12	0,00000759	101,0692	
6005	91,79	78,0068	101,12	0,00000756	101,0692